x <- c(1, 2, 3)
x <- as.numeric(1:100) * 10
