x <- c(1, 2, 3)
x <- 1:100

(z <- 1.3:3)
